200 600
20 21 4.189606
69 76 1.787445
162 166 3.179138
168 187 3.169525
52 165 4.535950
32 184 8.605972
167 173 2.708786
59 64 4.554901
175 190 8.211838
63 160 4.414276
46 96 1.857758
83 152 7.167175
61 150 7.068024
91 115 9.551071
117 185 6.132538
98 157 8.063797
52 72 8.333099
75 158 4.606400
172 182 4.517822
66 157 9.170807
74 139 1.013458
35 133 4.714615
63 146 6.680206
74 124 1.225220
91 165 1.464172
148 154 9.958801
20 177 2.970261
32 69 4.951920
14 68 9.382294
128 179 5.132645
35 161 2.469009
9 68 9.724380
68 130 2.472031
87 186 2.112778
44 82 7.333893
38 145 9.960861
66 196 8.031250
61 189 1.090225
4 53 6.689407
41 126 6.503464
10 167 1.710953
83 195 7.911224
28 170 1.316269
89 161 2.233078
34 181 4.695114
146 182 1.777557
26 115 7.386353
8 143 3.167465
84 186 3.553772
96 169 8.555984
69 87 5.494919
11 128 9.294952
7 176 1.017441
197 198 2.946777
29 46 8.240402
101 134 6.390991
99 109 1.923264
62 193 1.763000
42 185 5.599152
175 198 6.070602
3 41 8.582764
56 62 8.567383
40 145 6.349243
23 183 1.323959
7 54 9.822845
119 131 9.919525
45 89 6.790207
118 126 1.787582
39 151 1.946884
57 76 7.482895
20 53 6.009079
0 20 6.998398
102 112 7.868790
173 195 7.239822
42 111 6.944016
50 66 9.883545
87 111 6.668808
140 184 4.067520
131 132 5.495056
64 121 5.734146
66 199 9.820511
36 56 8.921692
44 166 5.930939
13 84 8.912491
59 177 7.341309
122 134 3.881439
168 184 1.843475
6 147 7.545517
25 194 2.112503
51 199 7.302170
127 179 5.898117
14 185 2.450607
48 79 8.623138
0 188 8.328018
3 68 4.632355
57 184 6.547546
113 173 9.384903
79 143 7.014603
187 197 2.550171
2 81 7.003067
38 51 6.269180
60 167 9.309509
82 88 4.763229
25 195 9.361832
104 189 7.015701
54 110 6.144348
81 189 3.430450
53 186 3.909866
12 66 3.162796
82 137 1.883575
0 131 6.241989
35 122 9.523331
6 18 4.651031
79 154 4.385162
112 121 8.251938
78 173 7.346252
114 189 5.918991
117 153 3.960266
67 79 6.886063
39 40 3.736969
12 59 2.195313
148 199 9.931885
30 142 2.758224
26 83 3.051971
128 130 6.752716
9 39 6.476547
126 184 9.029907
106 182 9.050644
21 135 8.954376
60 152 2.365463
39 117 6.711105
71 158 2.734604
4 135 3.845596
110 183 4.797836
41 108 5.666306
99 156 4.231491
38 60 6.118668
26 75 9.215027
97 156 9.852783
157 188 9.101181
2 145 5.438751
153 167 4.160492
121 178 6.044922
11 60 8.312637
22 25 9.378036
93 124 2.437149
113 131 5.291809
57 84 4.143463
21 170 5.209824
98 197 1.811478
78 166 4.359894
53 160 6.251740
15 183 4.811844
9 142 3.514633
143 172 4.409332
16 44 1.168365
184 196 3.929092
81 185 9.790024
21 63 8.155670
2 59 5.462646
27 105 2.045761
18 160 2.738174
127 144 6.765076
76 95 6.829208
13 160 4.116272
163 192 5.708466
160 185 3.733810
55 123 2.346512
29 69 6.407059
59 113 4.487198
30 71 6.003448
190 199 1.157654
77 120 4.695938
33 135 9.533493
81 138 2.558685
11 174 2.823044
121 123 9.511108
108 148 4.760757
10 110 7.594543
31 43 4.654190
55 193 7.367813
53 116 6.664276
129 156 6.861893
30 122 4.270767
9 156 6.211090
49 162 2.569946
85 137 1.020874
47 49 6.695313
75 109 1.230988
0 158 1.059875
67 81 2.013489
70 119 6.345123
143 147 6.920258
164 177 1.768356
88 163 4.789459
32 168 2.897202
5 164 4.840683
0 54 9.136887
77 99 1.940704
68 137 4.003662
111 136 3.186417
27 196 4.403015
110 127 7.756042
62 107 5.368027
78 164 3.394333
102 182 4.074524
34 195 3.949966
41 122 4.428558
110 139 2.051804
113 189 9.137024
139 170 7.310684
139 196 4.902756
32 101 3.349976
61 154 9.246475
4 52 9.522507
51 159 5.441223
78 118 8.335434
94 128 8.156082
21 181 7.408463
152 165 1.639130
51 172 1.207642
75 134 9.627151
19 122 8.845612
74 190 3.659378
73 171 6.913803
147 169 2.074738
40 125 7.601685
63 128 8.713501
3 111 6.290466
66 83 7.197525
33 85 1.344009
49 96 2.652756
22 158 8.002136
51 168 5.842224
63 78 1.070175
37 123 1.917908
15 70 9.526352
59 166 4.351929
89 154 7.210709
89 118 3.099350
55 65 2.436050
90 92 9.649261
139 177 8.653076
48 86 4.355774
86 93 6.228668
17 159 5.303757
22 30 6.938660
92 131 1.942215
103 182 6.952393
145 186 2.833755
115 187 4.880096
9 115 9.098297
58 109 9.878189
46 47 8.492264
24 168 6.851868
21 49 9.544891
74 102 1.470490
80 157 6.787598
7 43 6.002213
168 174 9.840698
32 174 2.903381
38 40 7.988266
23 33 5.636780
42 109 3.848206
67 127 1.373810
86 178 8.862366
27 165 5.023880
161 199 4.558472
10 193 4.462479
152 191 3.900803
102 188 5.872986
23 135 1.526245
125 180 3.790802
115 141 4.275986
94 168 5.733322
47 72 8.163635
65 178 3.224731
42 168 3.783386
51 184 7.565430
59 84 3.143158
80 97 5.876144
131 166 2.018982
89 109 2.734329
173 184 2.160980
24 146 7.150833
42 122 6.039978
24 125 1.674698
102 111 1.308578
120 198 5.092407
82 182 3.760315
3 188 6.477509
51 181 1.304321
19 136 3.274994
17 32 1.331100
0 132 8.648819
62 96 6.834290
52 102 8.490891
28 67 9.754181
66 114 5.290985
75 192 3.252609
20 175 7.486191
21 154 9.981049
131 146 8.954514
140 194 2.890747
62 95 5.992874
60 65 6.745712
139 149 8.412613
48 129 1.226730
97 197 6.308594
178 197 2.382629
27 104 8.607895
133 146 7.163055
23 98 2.510208
46 109 5.689240
120 190 2.896103
26 168 7.398575
165 187 6.835526
121 177 6.700119
73 128 5.057114
22 56 1.624023
125 193 5.955246
72 146 2.573105
9 165 4.303452
4 86 5.416916
116 143 3.948044
15 36 8.260040
191 194 9.140045
126 179 6.012512
23 185 5.898392
20 151 9.824768
7 114 8.655960
59 157 4.986938
68 163 5.424606
39 69 2.069244
22 148 5.826157
79 89 6.875900
84 198 3.567093
53 110 5.206116
10 17 2.298584
105 110 1.463898
143 155 7.285004
71 123 8.828720
31 81 8.913452
61 123 9.812820
80 175 7.427139
50 178 9.565491
45 177 9.126312
38 186 3.702774
19 140 7.159760
117 133 4.910858
38 57 3.767319
5 179 8.927322
127 173 8.401901
31 195 2.902557
117 196 4.278870
42 153 6.601105
54 165 6.189255
17 153 3.937469
70 115 8.498856
100 176 7.656754
25 26 4.337372
40 190 6.511292
124 186 5.963074
143 144 1.460052
96 192 7.398712
29 179 8.211838
38 102 4.668472
5 10 2.857788
5 156 4.325424
78 86 9.383530
161 185 1.444809
97 143 8.523026
6 29 4.863480
98 115 3.715408
8 139 6.186234
21 183 8.845886
22 109 4.933243
13 123 2.998550
50 109 5.192108
26 159 3.622711
122 133 9.243591
76 194 8.307968
109 164 9.867340
28 187 5.790863
135 188 5.390823
68 104 1.854324
146 184 4.031677
35 60 8.461639
68 123 8.690979
23 71 6.758484
152 180 8.088928
31 191 7.498550
43 116 8.997772
32 63 9.998215
115 165 1.304871
158 175 9.893982
96 170 1.754211
87 170 2.776077
28 179 1.445358
105 130 3.191635
20 94 6.529007
65 177 5.559189
90 145 7.023529
6 178 5.206390
70 178 3.286255
7 94 8.041687
151 191 2.405563
93 118 7.291046
47 105 4.641418
26 138 6.278107
159 170 1.027054
69 135 2.399384
22 98 5.349762
126 158 4.239182
7 110 2.968201
108 173 1.197067
33 108 9.280121
198 199 4.138107
48 147 2.468460
96 174 1.123459
40 83 4.086746
1 2 1.070862
56 158 9.084427
94 147 1.402786
40 170 5.319000
77 112 8.685760
2 58 8.808670
2 50 7.485916
54 196 8.615860
176 190 3.794098
183 196 9.133453
0 174 5.827942
18 48 8.880768
46 57 5.535568
29 163 1.962128
10 138 6.996338
80 104 5.655869
17 43 8.734100
136 189 9.375290
166 170 2.722244
46 190 5.269012
19 138 9.878326
47 140 4.532791
0 90 4.829697
45 168 1.975861
57 112 3.279800
3 184 1.998520
42 140 1.715347
46 92 1.283447
82 109 7.589462
21 163 4.844528
102 160 6.794601
114 148 9.430222
35 61 2.624878
114 180 3.899567
87 169 1.228104
66 113 6.535324
101 126 7.127899
25 154 1.288666
96 138 6.755325
79 125 4.414825
33 45 9.298248
32 81 1.714798
126 149 3.213058
180 183 8.234085
95 192 9.393280
161 168 9.048584
38 159 6.446472
8 43 4.731094
79 135 5.030746
149 157 7.542633
51 60 4.149231
7 141 6.774002
59 184 8.519592
138 198 1.549042
127 151 9.931061
59 149 6.888397
122 194 9.178635
178 182 8.445160
40 147 1.460190
136 176 2.050568
29 131 6.039978
11 198 2.075562
105 147 6.535324
81 198 2.591507
94 163 8.350128
80 136 3.428528
63 163 9.577850
34 147 9.459061
35 74 6.118256
39 170 5.797729
20 31 4.798111
124 143 7.090546
36 159 2.960510
9 147 6.677322
18 39 9.280945
6 88 1.143921
32 52 5.491760
37 167 4.642105
14 107 2.245575
23 148 4.338333
39 184 7.514343
7 123 8.461365
6 62 8.725723
174 184 8.654861
129 186 7.252594
104 111 6.698059
96 199 5.922424
84 85 9.145538
47 152 5.886032
36 160 8.041412
5 82 5.478165
30 189 9.602982
27 136 7.628052
73 100 1.624573
71 133 7.923309
124 155 3.338028
130 189 5.601624
11 173 1.575958
72 108 2.544266
92 156 3.317566
36 126 9.762833
141 197 7.055939
67 191 5.923523
25 173 6.912018
104 107 2.119644
21 60 6.026932
82 120 6.401840
91 110 5.501373
143 181 1.499603
77 109 7.008423
71 135 5.711212
109 144 5.191284
92 102 6.112488
44 175 2.066498
12 38 7.031631
12 70 6.887985
86 87 5.160797
126 171 7.286514
37 102 5.717667
103 108 1.982864
4 152 7.747528
97 98 2.982620
18 130 2.948700
143 153 3.896957
33 86 1.329453
34 154 9.888901
134 144 8.549255
86 157 9.733444
20 139 3.968781
9 113 6.586411
44 195 8.233124
46 103 2.291031
36 125 5.630600
51 186 5.414719
61 198 5.517990
117 164 3.685608
49 181 7.777603
52 116 1.117004
32 108 5.562210
13 122 2.831970
116 137 1.512375
167 178 1.470078
156 177 6.173737
14 147 2.034088
4 42 3.514633
27 83 7.148773
149 166 7.240784
7 137 4.936401
33 55 8.027679
26 155 6.074310
117 188 4.834503
13 42 2.082016
167 171 1.140076
114 168 2.497437
25 33 8.232986
43 124 1.332886
159 167 3.614883
46 126 2.065811
114 174 6.397171
37 107 9.515778
69 91 9.125900
27 90 2.193527
118 174 8.717621
12 142 2.879623
31 131 2.508698
18 60 2.473953
63 152 3.968231
74 176 9.686478
100 166 9.050919
106 158 6.498383
172 187 8.410828
38 50 7.375641
21 174 7.099197
43 172 8.712952
24 167 5.361023
100 186 6.277008
28 117 4.013000
74 164 1.386169
5 95 3.570938
